   0       0.00000     187.27000    1086.00000
   1   -2626.27002     133.78999    1086.00000
   2   -3730.06006       0.00000    1086.00000
   3   -2626.27002    -133.78999    1086.00000
   4      -0.00000    -187.27000    1086.00000
   5    2573.14990    -131.08000    1086.00000
   6    3623.80005      -0.00000    1086.00000
   7    2573.14990     131.08000    1086.00000
   8       0.00000     302.07001    1086.00000
   9   -4263.20996     217.17000    1086.00000
   10   -6071.22998       0.00000    1086.00000
   11   -4263.20996    -217.17000    1086.00000
   12      -0.00000    -302.07001    1086.00000
   13    4124.97021    -210.13000    1086.00000
   14    5794.68018      -0.00000    1086.00000
   15    4124.97021     210.13000    1086.00000
   16       0.00000     444.17999    1086.00000
   17   -6318.72021     321.89001    1086.00000
   18   -9028.90039       0.00000    1086.00000
   19   -6318.72021    -321.89001    1086.00000
   20      -0.00000    -444.17999    1086.00000
   21    6019.72021    -306.64999    1086.00000
   22    8430.54980      -0.00000    1086.00000
   23    6019.72021     306.64999    1086.00000
   24       0.00000     613.60999    1086.00000
   25   -8812.38965     448.92001    1086.00000
   26   -12644.00977       0.00000    1086.00000
   27   -8812.38965    -448.92001    1086.00000
   28      -0.00000    -613.60999    1086.00000
   29    8241.48047    -419.82999    1086.00000
   30   11500.90039      -0.00000    1086.00000
   31    8241.48047     419.82999    1086.00000
   32       0.00000     810.34998    1086.00000
   33   -11768.59961     599.51001    1086.00000
   34   -16968.42969       0.00000    1086.00000
   35   -11768.59961    -599.51001    1086.00000
   36      -0.00000    -810.34998    1086.00000
   37   10772.07031    -548.75000    1086.00000
   38   14971.45020      -0.00000    1086.00000
   39   10772.07031     548.75000    1086.00000
   40       0.00000    1034.41003    1086.00000
   41   -15217.16016     775.19000    1086.00000
   42   -22067.00000       0.00000    1086.00000
   43   -15217.16016    -775.19000    1086.00000
   44      -0.00000   -1034.41003    1086.00000
   45   13591.36035    -692.37000    1086.00000
   46   18804.99023      -0.00000    1086.00000
   47   13591.36035     692.37000    1086.00000
