   0   2039818009291   0.000000107750   629.100724490015
   1   2039818009291   0.000008857750   629.108084760570
   2   2039818009291   0.000012535750   636.200019392337
   3   2039818009291   0.000008857750   631.400100345357
   4   2039818009291   0.000000107750   632.402040725802
   5   2039818009291   -0.000008465750   622.600894501966
   6   2039818009291   -0.000011966250   618.805137890559
   7   2039818009291   -0.000008465750   618.503783260517
   8   2039818009291   0.000000108250   630.800075489355
   9   2039818009291   0.000014312250   647.903053132759
   10   2039818009291   0.000020336250   654.607799326064
   11   2039818009291   0.000014312250   652.000971991521
   12   2039818009291   0.000000108250   633.602993802085
   13   2039818009291   -0.000013635750   630.400042293009
   14   2039818009291   -0.000019198750   622.504203084696
   15   2039818009291   -0.000013635750   625.501362688308
   16   2039818009291   0.000000108750   650.901336239480
   17   2039818009291   0.000021161750   665.500226478377
   18   2039818009291   0.000030191250   676.311495614718
   19   2039818009291   0.000021161750   668.904307855097
   20   2039818009291   0.000000108750   657.599994875536
   21   2039818009291   -0.000019947750   633.603133232090
   22   2039818009291   -0.000027980250   628.201836321760
   23   2039818009291   -0.000019947750   630.100140205479
   24   2039818009291   0.000000109750   671.200212998826
   25   2039818009291   0.000029471250   712.200026471822
   26   2039818009291   0.000042237750   721.005445879889
   27   2039818009291   0.000029471250   719.202711339688
   28   2039818009291   0.000000109750   677.802297846696
   29   2039818009291   -0.000027349250   659.600121674756
   30   2039818009291   -0.000038209250   651.000000381769
   31   2039818009291   -0.000027349250   656.501832631038
   32   2039818009291   0.000000111750   721.400761591545
   33   2039818009291   0.000039322750   787.400587194777
   34   2039818009291   0.000056647750   822.701151335936
   35   2039818009291   0.000039322750   785.099986892565
   36   2039818009291   0.000000111750   733.000319540562
   37   2039818009291   -0.000035779250   691.607218948832
   38   2039818009291   -0.000049770750   688.900624575874
   39   2039818009291   -0.000035779250   688.401438335948
   40   2039818009291   0.000000114250   805.101467953754
   41   2039818009291   0.000050815750   916.506240855303
   42   2039818009291   0.000073638250   1005.000065863688
   43   2039818009291   0.000050815750   910.100476544413
   44   2039818009291   0.000000114250   812.901090913997
   45   2039818009291   -0.000045169750   763.309551120536
   46   2039818009291   -0.000062540750   743.501184520074
   47   2039818009291   -0.000045169750   754.100234919089
 10   0       0.000       0.000
